MEMORY
  total           14514 KB
  struct            159 KB
  buffer             19 KB
  arena           14336 KB, used 0.1%

SIZES
  narena                14680064
  nbuffer               19008
  nplugin               0
  maxuse_stack          3960
  maxuse_arena          9192
  maxuse_con            0
  maxuse_efc            12
  ncon                  0
  ne                    0
  nf                    0
  nl                    0
  nefc                  0
  nJ                    0
  nA                    0
  nisland               0
  nidof                 0
  ntree_awake           4
  nbody_awake           16
  nparent_awake         15
  nv_awake              10
  flg_energypos         1
  flg_energyvel         1
  flg_subtreevel        0
  flg_rnepost           0
  threadpool            0

TIMER
    0:  duration =  0.1        number = 4
    1:  duration =  0.09       number = 16
    2:  duration =  0          number = 0
    3:  duration =  0.061      number = 16
    4:  duration =  0.016      number = 16
    5:  duration =  0          number = 0
    6:  duration =  0.00062    number = 16
    7:  duration =  0          number = 0
    8:  duration =  0.041      number = 16
    9:  duration =  0.0089     number = 16
    10:  duration =  0          number = 0
    11:  duration =  0.0024     number = 16
    12:  duration =  0.00086    number = 16
    13:  duration =  0          number = 0
    14:  duration =  0          number = 0

ENERGY =   0         1.8e-08 

TIME =  60      

QPOS
   0.47    
  -1.3     
  -0.064   
  -0.68    
   1.4     
   0.48    
  -1.3     
  -0.072   
  -0.69    
   1.4     

QVEL
   0.00052 
   0.00027 
   3.2e-05 
   0       
   0       
   0.00052 
   0.00027 
   3.2e-05 
   0       
   0       

QACC_WARMSTART
   1e-09   
  -1.5e-09 
  -1.5e-11 
   0       
   0       
   1e-09   
  -1.5e-09 
  -1.5e-11 
   0       
   0       

CTRL
   0       
   0       
   0       
   0       

QFRC_APPLIED
   0       
   0       
   0       
   0       
   0       
   0       
   0       
   0       
   0       
   0       

XFRC_APPLIED
   0         0         0         0         0         0       
   0         0         0         0         0         0       
   0         0         0         0         0         0       
   0         0         0         0         0         0       
   0         0         0         0         0         0       
   0         0         0         0         0         0       
   0         0         0         0         0         0       
   0         0         0         0         0         0       
   0         0         0         0         0         0       
   0         0         0         0         0         0       
   0         0         0         0         0         0       
   0         0         0         0         0         0       
   0         0         0         0         0         0       
   0         0         0         0         0         0       
   0         0         0         0         0         0       
   0         0         0         0         0         0       

EQ_ACTIVE             1 1

QACC
   1e-09   
  -1.5e-09 
  -1.5e-11 
   0       
   0       
   1e-09   
  -1.5e-09 
  -1.5e-11 
   0       
   0       

TREE_ASLEEP
  -11
  -3
  -11
  -3

XPOS
   0         0         0       
   0         0         0.5     
  -0.015    -0.17      0.65    
  -0.025    -0.27      0.56    
  -0.085    -0.22      0.56    
  -0.085    -0.22      0.42    
  -0.086    -0.23      0.24    
  -0.1      -0.32      0.56    
  -0.12     -0.32      0.42    
   0.22     -0.38      0.65    
   0.23     -0.27      0.56    
   0.29     -0.22      0.56    
   0.29     -0.22      0.42    
   0.29     -0.23      0.24    
   0.3      -0.32      0.56    
   0.32     -0.32      0.42    

XQUAT
   1         0         0         0       
   1         0         0         0       
   2.6e-30  -1.6e-15  -1         1.6e-15 
  -1.1e-15  -0.71     -0.71      1.1e-15 
   0.5      -0.5       0.5       0.5     
  -0.5      -0.5       0.5      -0.5     
   0.25      0.66      0.66     -0.25    
   0.5      -0.5       0.5       0.5     
  -0.5      -0.5       0.5      -0.5     
   1.6e-15   1         0         0       
   1.1e-15   0.71      0.71     -1.1e-15 
  -0.5       0.5      -0.5      -0.5     
   0.5       0.5      -0.5       0.5     
  -0.28     -0.65     -0.65      0.28    
  -0.5       0.5      -0.5      -0.5     
   0.5       0.5      -0.5       0.5     

XMAT
   1         0         0         0         1         0         0         0         1       
   1         0         0         0         1         0         0         0         1       
  -1         3.2e-15  -1e-29     3.2e-15   1        -3.2e-15   0        -3.2e-15  -1       
   6.7e-15   1        -1e-29     1        -6.7e-15  -3.2e-15  -3.2e-15   1.2e-29  -1       
   1.6e-15  -1         4e-15    -0.012     4e-15     1        -1        -1.6e-15  -0.012   
  -7.9e-15  -1        -4.7e-15   0.018     4.6e-15  -1         1        -8e-15     0.018   
   6.5e-15   1         7.2e-16   0.75     -4.4e-15  -0.66     -0.66      4.8e-15  -0.75    
  -2.8e-17  -1         3.5e-15  -0.00013   3.5e-15   1        -1         5.6e-17  -0.00013 
  -8.3e-17  -1        -4.2e-15  -0.0002    4.2e-15  -1         1        -5.6e-17  -0.0002  
   1         0         0         0        -1        -3.2e-15   0         3.2e-15  -1       
  -3.6e-15   1         0         1         3.6e-15  -3.2e-15  -3.2e-15  -1.2e-29  -1       
   1.6e-15  -1        -6.4e-15  -0.012    -6.5e-15   1        -1        -1.6e-15  -0.012   
  -8.1e-15  -1         5.8e-15   0.018    -6e-15    -1         1        -8e-15     0.018   
  -7.1e-16   1         7.5e-15   0.69      6e-15    -0.72     -0.72      4.7e-15  -0.69    
   5.6e-17  -1        -7e-15    -0.00013  -7e-15     1        -1        -5.6e-17  -0.00013 
  -1.9e-16  -1         6.4e-15  -0.0002   -6.4e-15  -1         1        -2.2e-16  -0.0002  

XIPOS
   0         0         0       
   0.1      -0.27      0.73    
  -0.014    -0.27      0.65    
  -0.055    -0.28      0.56    
  -0.091    -0.22      0.49    
  -0.078    -0.23      0.33    
  -0.1      -0.23      0.24    
  -0.11     -0.32      0.49    
  -0.12     -0.32      0.33    
   0.22     -0.27      0.65    
   0.26     -0.28      0.56    
   0.29     -0.22      0.49    
   0.28     -0.23      0.33    
   0.3      -0.23      0.24    
   0.31     -0.32      0.49    
   0.32     -0.32      0.33    

XIMAT
   1         0         0         0         1         0         0         0         1       
   0        -1         0         0.00083   0        -1         1         0         0.00083 
   3.2e-15  -1.1e-16  -1         1        -3.2e-15   3.2e-15  -3.2e-15  -1         1.1e-16 
   1         5.6e-17   0.07     -0.07     -3.1e-15   1         2.8e-16  -1        -3.1e-15 
  -1         4e-15     1.5e-15   4e-15     1        -0.012    -1.6e-15  -0.012    -1       
  -1        -4.7e-15  -8e-15     4.6e-15  -1         0.018    -8e-15     0.018     1       
   1        -6.5e-15   6.7e-16  -4.5e-15  -0.75     -0.66      4.8e-15   0.66     -0.75    
  -1         3.5e-15  -5.6e-17   3.5e-15   1        -0.00013   5.5e-17  -0.00013  -1       
  -1        -4.2e-15  -1.1e-16   4.2e-15  -1        -0.0002   -1.1e-16  -0.0002    1       
   5.6e-17   0         1        -1        -3.2e-15   0         3.2e-15  -1         0       
   1         1.4e-17  -0.07      0.07     -3.1e-15   1        -2.1e-16  -1        -3.1e-15 
  -1        -6.4e-15   1.6e-15  -6.4e-15   1        -0.012    -1.5e-15  -0.012    -1       
  -1         5.9e-15  -8e-15    -6.1e-15  -1         0.018    -7.9e-15   0.018     1       
   1         7.4e-16   7.6e-15   6e-15    -0.69     -0.72      4.7e-15   0.72     -0.69    
  -1        -7e-15     5.6e-17  -7e-15     1        -0.00013  -5.5e-17  -0.00013  -1       
  -1         6.4e-15  -2.2e-16  -6.4e-15  -1        -0.0002   -2.2e-16  -0.0002    1       

XANCHOR
  -0.085    -0.22      0.56    
  -0.085    -0.22      0.42    
  -0.086    -0.23      0.24    
  -0.1      -0.32      0.56    
  -0.12     -0.32      0.42    
   0.29     -0.22      0.56    
   0.29     -0.22      0.42    
   0.29     -0.23      0.24    
   0.3      -0.32      0.56    
   0.32     -0.32      0.42    

XAXIS
  -1         4e-15    -1.6e-15 
  -1         4.7e-15  -8e-15   
   1        -4.2e-15   4.9e-15 
  -1         3.4e-15   0       
  -1         4e-15    -5.6e-17 
  -1        -6.4e-15  -1.6e-15 
  -1        -6e-15    -7.9e-15 
   1         6e-15     4.8e-15 
  -1        -6.9e-15   0       
  -1        -6.2e-15  -1.1e-16 

GEOM_XPOS
   0.1      -0.27      0.73    
  -0.015    -0.27      0.65    
  -0.056    -0.28      0.56    
  -0.091    -0.22      0.49    
  -0.085    -0.23      0.33    
  -0.1      -0.23      0.24    
  -0.11     -0.32      0.49    
  -0.12     -0.32      0.33    
   0.22     -0.27      0.65    
   0.26     -0.28      0.56    
   0.29     -0.22      0.49    
   0.29     -0.23      0.33    
   0.3      -0.23      0.24    
   0.31     -0.32      0.49    
   0.32     -0.32      0.33    

GEOM_XMAT
   1         0         0         0         1         0         0         0         1       
  -1         3.2e-15  -1e-29     3.2e-15   1        -3.2e-15   0        -3.2e-15  -1       
   6.7e-15   1        -1e-29     1        -6.7e-15  -3.2e-15  -3.2e-15   1.2e-29  -1       
   0.092    -0.99      0.092     1         0.094     0.012    -0.02      0.091     1       
  -0.0056   -1         0.0056    1        -0.0055    0.018    -0.018     0.0057    1       
   6.5e-15   1         7.2e-16   0.75     -4.4e-15  -0.66     -0.66      4.8e-15  -0.75    
   0.092    -0.99      0.092     1         0.092     0.00013  -0.0087    0.092     1       
   0.0056   -1        -0.0056    1         0.0056   -0.0002    0.00023  -0.0056    1       
   1         0         0         0        -1        -3.2e-15   0         3.2e-15  -1       
  -3.6e-15   1         0         1         3.6e-15  -3.2e-15  -3.2e-15  -1.2e-29  -1       
  -0.092    -0.99     -0.092     1        -0.094     0.012    -0.02     -0.091     1       
   0.0056   -1        -0.0056    1         0.0055    0.018    -0.018    -0.0057    1       
  -7.1e-16   1         7.5e-15   0.69      6e-15    -0.72     -0.72      4.7e-15  -0.69    
  -0.092    -0.99     -0.092     1        -0.092     0.00013  -0.0087   -0.092     1       
  -0.0056   -1         0.0056    1        -0.0056   -0.0002    0.00023   0.0056    1       

SITE_XPOS
  -0.11     -0.32      0.24    
   0.32     -0.32      0.24    

SITE_XMAT
  -8.3e-17  -1        -4.2e-15  -0.0002    4.2e-15  -1         1        -5.6e-17  -0.0002  
  -1.9e-16  -1         6.4e-15  -0.0002   -6.4e-15  -1         1        -2.2e-16  -0.0002  

SUBTREE_COM
   0.1      -0.27      0.65    
   0.1      -0.27      0.65    
  -0.052    -0.27      0.54    
  -0.07     -0.27      0.49    
  -0.092    -0.23      0.32    
  -0.092    -0.23      0.27    
  -0.1      -0.23      0.24    
  -0.12     -0.32      0.4     
  -0.12     -0.32      0.33    
   0.25     -0.27      0.54    
   0.27     -0.27      0.49    
   0.29     -0.23      0.32    
   0.29     -0.23      0.27    
   0.3      -0.23      0.24    
   0.32     -0.32      0.4     
   0.32     -0.32      0.33    

CDOF
  -1         4e-15    -1.6e-15   2.8e-16   0.089     0.051   
  -1         4.7e-15  -8e-15     6.7e-16   0.23      0.05    
   1        -4.2e-15   4.9e-15  -1.5e-15  -0.41     -0.046   
  -1         3.4e-15   0         3.1e-16   0.089    -0.051   
  -1         4e-15    -5.6e-17   9.2e-16   0.23     -0.051   
  -1        -6.4e-15  -1.6e-15  -6.5e-16   0.089     0.051   
  -1        -6e-15    -7.9e-15  -1.8e-15   0.23      0.05    
   1         6e-15     4.8e-15   2.7e-15  -0.41     -0.046   
  -1        -6.9e-15   0        -6.1e-16   0.089    -0.051   
  -1        -6.2e-15  -1.1e-16  -1.4e-15   0.23     -0.051   

CINERT
   0         0         0         0         0         0         0         0         0         0       
   0.17      0.16      0.19     -2.5e-19  -8.7e-17  -9.5e-05   1e-15     0.002     0.7       8.1     
   0.0013    0.016     0.015     2.5e-05   0.00098  -1.7e-06  -0.12      0.00022   0.0086    1.1     
   0.019     0.051     0.043    -0.0022   -0.021    -0.001    -0.24     -0.012    -0.13      1.5     
   0.0036    0.0075    0.0046    0.0011   -0.0035    0.00093  -0.022     0.0059   -0.019     0.12    
   0.015     0.02      0.0049    0.0012   -0.0081    0.0022   -0.025     0.0068   -0.045     0.14    
   0.04      0.049     0.01      0.0022   -0.019     0.0044   -0.047     0.011    -0.096     0.23    
   0.0036    0.0084    0.0054   -0.0012   -0.0039   -0.00094  -0.024    -0.0059   -0.019     0.12    
   0.015     0.022     0.0075   -0.0016   -0.01     -0.0023   -0.032    -0.0072   -0.045     0.14    
   0.0013    0.016     0.015    -2.5e-05  -0.00098  -1.7e-06   0.12      0.00022   0.0086    1.1     
   0.019     0.051     0.043     0.0022    0.021    -0.001     0.24     -0.012    -0.13      1.5     
   0.0036    0.0075    0.0046   -0.0011    0.0035    0.00093   0.022     0.0059   -0.019     0.12    
   0.015     0.02      0.0049   -0.0012    0.0081    0.0022    0.025     0.0068   -0.045     0.14    
   0.04      0.049     0.01     -0.0022    0.019     0.0044    0.047     0.011    -0.096     0.23    
   0.0036    0.0084    0.0054    0.0012    0.0039   -0.00094   0.024    -0.0059   -0.019     0.12    
   0.015     0.022     0.0075    0.0016    0.01     -0.0023    0.032    -0.0072   -0.045     0.14    

ACTUATOR_LENGTH
   0.47    
  -1.3     
   0.48    
  -1.3     

actuator_moment
------------
 x          |
  x         |
      x     |
       x    |
------------

ACTUATOR_MOMENT
     0:  1       
     1:  1       
     5:  1       
     6:  1       

CRB
   0         0         0         0         0         0         0         0         0         0       
   0.37      0.51      0.37      9.9e-11  -1.5e-12   0.0064    2.2e-16  -5.6e-16   8.3e-16   15      
   0.099     0.17      0.091    -0.00045  -0.065     0.0033   -0.51     -0.00098  -0.35      3.3     
   0.097     0.16      0.075    -0.00048  -0.066     0.0033   -0.39     -0.0012   -0.36      2.3     
   0.059     0.076     0.02      0.0045   -0.031     0.0075   -0.095     0.024    -0.16      0.49    
   0.055     0.068     0.015     0.0034   -0.027     0.0066   -0.072     0.018    -0.14      0.38    
   0.04      0.049     0.01      0.0022   -0.019     0.0044   -0.047     0.011    -0.096     0.23    
   0.019     0.031     0.013    -0.0029   -0.014    -0.0032   -0.056    -0.013    -0.064     0.26    
   0.015     0.022     0.0075   -0.0016   -0.01     -0.0023   -0.032    -0.0072   -0.045     0.14    
   0.099     0.17      0.091     0.00045   0.065     0.0033    0.51     -0.00098  -0.35      3.3     
   0.097     0.16      0.075     0.00048   0.066     0.0033    0.39     -0.0012   -0.36      2.3     
   0.059     0.076     0.02     -0.0045    0.031     0.0075    0.095     0.024    -0.16      0.49    
   0.055     0.068     0.015    -0.0034    0.027     0.0066    0.072     0.018    -0.14      0.38    
   0.04      0.049     0.01     -0.0022    0.019     0.0044    0.047     0.011    -0.096     0.23    
   0.019     0.031     0.013     0.0029    0.014    -0.0032    0.056    -0.013    -0.064     0.26    
   0.015     0.022     0.0075    0.0016    0.01     -0.0023    0.032    -0.0072   -0.045     0.14    

QM
   0.043   
   0.017     0.02    
  -0.00029  -0.00029   0.01    
                                 0.019   
                                 0.0036    0.012   
                                                     0.043   
                                                     0.017     0.02    
                                                    -0.00029  -0.00029   0.01    
                                                                                   0.019   
                                                                                   0.0036    0.012   

M
     0:  0.043   
     0:  0.017      1:  0.02    
     0: -0.00029    1: -0.00029    2:  0.01    
     3:  0.019   
     3:  0.0036     4:  0.012   
     5:  0.043   
     5:  0.017      6:  0.02    
     5: -0.00029    6: -0.00029    7:  0.01    
     8:  0.019   
     8:  0.0036     9:  0.012   

QLD
     0:  0.028   
     0:  0.88       1:  0.02    
     0: -0.029      1: -0.029      2:  0.01    
     3:  0.018   
     3:  0.3        4:  0.012   
     5:  0.028   
     5:  0.88       6:  0.02    
     5: -0.029      6: -0.029      7:  0.01    
     8:  0.018   
     8:  0.3        9:  0.012   

QLDIAGINV
   36      
   51      
   97      
   56      
   85      
   36      
   51      
   97      
   56      
   85      

QH
     0:  0.02    
     0:  0.34       1:  0.02    
     0: -0.029      1: -0.029      2:  0.01    
     3:  0.018   
     3:  0.3        4:  0.012   
     5:  0.02    
     5:  0.34       6:  0.02    
     5: -0.029      6: -0.029      7:  0.01    
     8:  0.018   
     8:  0.3        9:  0.012   

QHDIAGINV
   50      
   50      
   97      
   55      
   84      
   50      
   50      
   97      
   55      
   84      

TREE_AWAKE
  1 1 1 1

BODY_AWAKE
  -1 -1 -1 -1 1 1 1 1 1 -1 -1 1 1 1 1 1

BODY_AWAKE_IND
  0 1 2 3 4 5 6 7 8 9 10 11 12 13 14 15

PARENT_AWAKE_IND
  1 2 3 4 5 6 7 8 9 10 11 12 13 14 15

DOF_AWAKE_IND
  0 1 2 3 4 5 6 7 8 9

ACTUATOR_VELOCITY
   0       
   0       
   0       
   0       

CVEL
   0         0         0         0         0         0       
   0         0         0         0         0         0       
   0         0         0         0         0         0       
   0         0         0         0         0         0       
  -0.00052   2.1e-18  -8e-19     1.4e-19   4.6e-05   2.6e-05 
  -0.00079   3.3e-18  -3e-18     3.3e-19   0.00011   4e-05   
  -0.00076   3.2e-18  -2.8e-18   2.8e-19   9.5e-05   3.8e-05 
   0         0         0         0         0         0       
   0         0         0         0         0         0       
   0         0         0         0         0         0       
   0         0         0         0         0         0       
  -0.00052  -3.3e-18  -8e-19    -3.4e-19   4.6e-05   2.6e-05 
  -0.00079  -5e-18    -3e-18    -8.2e-19   0.00011   4e-05   
  -0.00076  -4.8e-18  -2.8e-18  -7.3e-19   9.5e-05   3.8e-05 
   0         0         0         0         0         0       
   0         0         0         0         0         0       

CDOF_DOT
  -0         0         0         0         0         0       
  -1.3e-32  -3.3e-18  -3.4e-19  -2e-19    -8.4e-07  -7.2e-05 
   3.7e-33   8.8e-19  -6.1e-21  -6.7e-19   3.4e-06   0.00021 
   0        -0         0         0         0         0       
  -0         0         0        -0         0         0       
   0         0         0         0         0         0       
   2.2e-32  -3.3e-18  -2.3e-19  -1.9e-19  -8.4e-07  -7.2e-05 
  -5.9e-33   8e-19     2.3e-19  -7e-19     3.4e-06   0.00021 
   0        -0         0         0         0         0       
   0         0         0         0         0         0       

QFRC_BIAS
  -1.7e-11 
   1.3e-11 
   0       
   0       
   0       
  -1.7e-11 
   1.3e-11 
   2.1e-25 
   0       
   0       

QFRC_SPRING
   0       
   0       
   0       
   0       
   0       
   0       
   0       
   0       
   0       
   0       

QFRC_DAMPER
   0       
   0       
   0       
   0       
   0       
   0       
   0       
   0       
   0       
   0       

QFRC_GRAVCOMP
   0       
   0       
   0       
   0       
   0       
   0       
   0       
   0       
   0       
   0       

QFRC_FLUID
   0       
   0       
   0       
   0       
   0       
   0       
   0       
   0       
   0       
   0       

QFRC_PASSIVE
   0       
   0       
   0       
   0       
   0       
   0       
   0       
   0       
   0       
   0       

SUBTREE_LINVEL
   0         0         0       
   0         0         0       
   0         0         0       
   0         0         0       
   0         0         0       
   0         0         0       
   0         0         0       
   0         0         0       
   0         0         0       
   0         0         0       
   0         0         0       
   0         0         0       
   0         0         0       
   0         0         0       
   0         0         0       
   0         0         0       

SUBTREE_ANGMOM
   0         0         0       
   0         0         0       
   0         0         0       
   0         0         0       
   0         0         0       
   0         0         0       
   0         0         0       
   0         0         0       
   0         0         0       
   0         0         0       
   0         0         0       
   0         0         0       
   0         0         0       
   0         0         0       
   0         0         0       
   0         0         0       

ACTUATOR_FORCE
   0       
   0       
   0       
   0       

QFRC_ACTUATOR
   0       
   0       
   0       
   0       
   0       
   0       
   0       
   0       
   0       
   0       

QFRC_SMOOTH
   1.7e-11 
  -1.3e-11 
   0       
   0       
   0       
   1.7e-11 
  -1.3e-11 
  -2.1e-25 
   0       
   0       

QACC_SMOOTH
   1e-09   
  -1.5e-09 
  -1.5e-11 
   0       
   0       
   1e-09   
  -1.5e-09 
  -1.5e-11 
   0       
   0       

QFRC_CONSTRAINT
   0       
   0       
   0       
   0       
   0       
   0       
   0       
   0       
   0       
   0       

QFRC_INVERSE
   0       
   0       
   0       
   0       
   0       
   0       
   0       
   0       
   0       
   0       

CACC
   0         0         0         0         0         0       
   0         0         0         0         0         0       
   0         0         0         0         0         0       
   0         0         0         0         0         0       
   0         0         0         0         0         0       
   0         0         0         0         0         0       
   0         0         0         0         0         0       
   0         0         0         0         0         0       
   0         0         0         0         0         0       
   0         0         0         0         0         0       
   0         0         0         0         0         0       
   0         0         0         0         0         0       
   0         0         0         0         0         0       
   0         0         0         0         0         0       
   0         0         0         0         0         0       
   0         0         0         0         0         0       

CFRC_INT
   0         0         0         0         0         0       
   0         0         0         0         0         0       
   0         0         0         0         0         0       
   0         0         0         0         0         0       
   0         0         0         0         0         0       
   0         0         0         0         0         0       
   0         0         0         0         0         0       
   0         0         0         0         0         0       
   0         0         0         0         0         0       
   0         0         0         0         0         0       
   0         0         0         0         0         0       
   0         0         0         0         0         0       
   0         0         0         0         0         0       
   0         0         0         0         0         0       
   0         0         0         0         0         0       
   0         0         0         0         0         0       

CFRC_EXT
   0         0         0         0         0         0       
   0         0         0         0         0         0       
   0         0         0         0         0         0       
   0         0         0         0         0         0       
   0         0         0         0         0         0       
   0         0         0         0         0         0       
   0         0         0         0         0         0       
   0         0         0         0         0         0       
   0         0         0         0         0         0       
   0         0         0         0         0         0       
   0         0         0         0         0         0       
   0         0         0         0         0         0       
   0         0         0         0         0         0       
   0         0         0         0         0         0       
   0         0         0         0         0         0       
   0         0         0         0         0         0       

